515.25
514.00
515.00
515.00
516.00
515.75
515.75
515.50
516.25
516.00
515.75
516.25
516.50
516.25
516.00
515.50
515.00
515.00
515.00
516.00
514.75
516.50
516.00
516.00
514.50
515.00
515.50
515.00
516.00
515.75
516.00
515.00
516.00
515.50
515.25
515.25
515.75
516.00
515.75
516.00
515.75
516.75
515.50
515.50
516.50
516.00
515.25
516.00
515.00
515.75
515.25
516.00
516.00
516.00
516.50
516.00
515.50
515.25
515.00
515.75
515.75
516.00
516.00
515.50
516.00
514.75
515.50
517.00
516.25
516.25
515.25
516.75
514.50
515.25
516.00
516.00
515.50
515.75
515.50
515.25
514.75
515.00
514.00
514.25
514.00
513.75
515.25
514.75
515.25
514.75
515.25
515.25
515.50
515.00
515.50
515.75
516.50
515.25
516.00
516.25
516.25
516.00
516.00
516.00
516.50
515.75
516.00
515.75
515.50
515.25
515.50
516.00
516.00
515.50
515.50
516.25
515.75
515.75
516.00
515.50
516.00
516.00
516.00
514.75
516.00
515.25
515.75
515.50
516.00
515.25
515.25
516.50
516.00
515.25
515.00
515.75
515.00
515.50
515.25
516.25
516.50
515.75
516.00
515.75
515.25
515.75
515.50
514.75
515.75
514.75
515.50
516.25
515.50
515.75
516.00
515.75
514.75
515.75
515.25
515.25
514.75
516.50
515.75
516.25
515.75
515.75
515.50
515.50
516.50
515.75
516.25
515.75
516.25
515.50
515.50
516.00
515.75
515.75
516.00
515.75
515.25
516.00
516.00
516.25
515.75
515.75
515.00
515.50
515.00
515.25
515.25
516.50
515.75
516.25
516.25
516.00
515.75
515.50
515.50
516.00
516.00
516.00
516.00
515.75
515.75
516.00
516.00
516.25
516.25
515.75
515.25
515.75
515.25
516.25
515.50
516.50
515.75
515.25
516.25
515.50
516.00
515.50
516.75
516.50
515.50
515.50
516.00
515.25
516.00
515.75
515.50
515.50
516.00
515.50
516.25
516.25
516.25
515.00
514.75
515.50
515.75
515.25
516.00
515.50
515.75
515.00
515.75
514.75
516.00
515.75
515.50
516.25
517.00
516.25
515.75
515.25
515.00
515.25
515.50
515.50
514.50
516.00
515.00
515.00
515.25
515.75
516.00
516.00
516.50
515.25
515.00
515.25
515.50
514.75
515.50
516.00
515.50
515.25
515.00
515.75
515.25
515.75
515.25
516.00
516.25
516.75
516.00
516.25
515.50
516.00
515.50
516.00
515.75
516.00
515.50
516.00
515.50
515.00
515.50
516.25
515.75
515.50
515.50
515.50
515.50
516.00
515.25
515.75
516.00
516.75
515.50
515.75
515.25
516.00
514.50
515.75
515.75
515.75
515.25
515.50
516.00
515.25
515.50
515.25
515.25
514.75
515.50
515.25
516.25
514.50
516.00
515.50
515.75
515.00
515.50
515.75
515.75
515.75
515.25
515.75
514.75
516.00
515.25
515.75
516.00
515.75
515.50
515.25
516.25
516.25
516.00
515.00
515.00
515.00
515.25
515.75
515.50
515.25
514.50
516.25
515.75
516.00
515.75
515.75
516.25
515.75
515.25
515.75
516.00
516.00
516.50
515.25
515.25
514.75
515.00
515.25
515.50
516.25
515.50
515.50
515.75
514.25
511.00
516.75
515.50
516.00
516.00
516.50
515.25
515.50
515.25
515.50
515.00
515.75
516.50
515.75
515.50
515.50
515.75
514.75
515.75
515.50
516.25
515.50
515.50
515.25
515.75
515.50
516.00
515.75
515.75
515.50
515.25
515.50
515.75
516.00
515.75
514.00
515.25
515.25
516.50
515.25
513.75
514.50
515.50
513.25
516.00
516.25
515.75
515.25
514.50
514.75
514.50
514.25
513.75
515.25
515.00
515.00
516.00
516.00
516.25
516.50
516.75
515.25
515.00
514.75
515.50
515.75
515.75
516.00
516.25
515.25
515.50
514.75
514.25
516.25
515.00
516.50
516.00
515.50
515.75
516.00
515.75
515.75
515.50
515.00
515.50
515.25
515.50
515.25
515.25
516.25
515.75
515.50
516.00
515.00
515.25
515.00
515.00
515.00
514.50
516.50
515.75
515.50
515.25
516.75
514.50
515.00
515.00
515.50
515.75
515.25
515.75
515.50
515.25
516.75
515.50
515.50
515.50
515.50
515.50
515.25
515.50
514.75
515.00
514.50
515.25
514.50
515.75
515.50
516.25
516.25
515.25
515.25
515.50
515.00
514.50
515.75
515.25
515.50
514.75
515.00
515.25
514.25
515.00
515.00
514.75
515.25
515.25
514.75
515.75
515.25
515.25
515.50
516.25
514.75
515.00
515.00
515.00
515.50
515.00
515.75
515.50
515.75
514.25
515.50
515.00
514.75
516.00
515.25
516.25
515.50
515.25
515.00
515.50
515.75
515.50
515.50
514.50
515.00
514.75
516.00
514.50
514.25
514.75
515.75
514.75
513.75
515.50
512.00
515.25
513.50
516.25
515.50
515.25
514.50
514.75
516.25
515.25
515.00
515.75
514.50
515.00
514.50
515.75
514.25
515.00
516.25
515.00
514.75
515.00
514.75
514.75
515.00
514.75
515.75
515.50
515.50
514.50
516.00
514.50
515.25
515.00
515.25
515.25
515.00
515.50
514.75
514.75
514.75
515.75
514.75
515.50
514.75
515.50
515.25
515.00
515.25
515.00
515.50
514.75
516.25
515.50
515.75
514.75
515.75
515.00
514.50
515.25
515.00
515.00
515.75
516.25
514.75
515.00
515.25
516.00
515.25
515.75
515.50
515.75
515.50
515.50
515.75
515.00
514.00
515.50
515.25
515.50
515.75
516.25
515.50
515.75
515.50
515.25
515.75
515.25
516.50
516.25
516.50
516.00
516.00
515.25
515.25
515.00
516.00
515.50
515.00
515.50
515.50
514.75
515.25
515.50
515.50
515.25
515.25
514.75
515.75
515.50
515.75
515.50
515.50
515.25
516.00
515.50
515.50
515.25
514.50
515.25
513.75
515.25
514.25
515.50
515.25
515.50
515.75
515.50
516.25
514.25
515.75
515.00
516.00
515.50
515.50
516.00
515.25
515.25
515.00
515.00
514.75
516.00
515.00
515.50
514.75
515.00
514.00
515.25
514.50
515.00
514.75
515.00
515.00
515.75
515.75
515.00
515.75
514.75
515.00
515.50
515.25
514.75
514.50
515.25
515.00
515.75
514.75
515.00
515.00
515.25
514.75
516.00
516.25
515.25
515.75
515.75
515.75
515.25
515.75
515.50
515.00
515.00
515.00
516.00
515.00
515.25
514.75
515.00
515.75
515.25
515.00
515.75
515.25
515.25
515.00
515.50
515.50
515.75
516.25
516.00
515.00
515.25
515.50
515.00
515.50
516.00
515.25
515.75
516.25
516.00
515.50
514.50
515.75
515.50
515.50
515.50
515.25
515.50
515.00
515.25
514.75
516.00
515.50
514.75
515.00
515.00
515.25
515.25
515.25
515.25
515.75
515.25
515.50
515.50
516.25
515.25
514.75
515.00
515.50
515.00
515.00
515.25
514.75
515.50
515.25
516.00
515.75
515.25
515.25
