519.25
517.75
518.25
518.50
519.75
519.25
518.50
519.25
520.75
518.25
520.00
519.50
519.00
518.25
520.25
518.50
519.00
518.25
518.25
519.00
517.25
519.75
518.75
520.00
517.25
518.75
518.75
518.00
519.00
519.50
519.00
518.00
519.25
518.75
519.50
518.00
519.00
520.50
518.75
518.25
519.50
521.00
519.50
520.00
519.50
519.50
517.75
519.75
518.25
519.25
519.00
518.50
519.00
519.00
520.00
520.00
519.00
518.75
518.00
519.50
519.00
519.00
519.25
520.00
519.25
518.25
518.25
518.50
519.50
519.25
518.25
520.75
519.25
518.25
519.25
519.00
519.50
518.75
518.75
518.50
518.50
518.00
516.00
516.75
518.00
516.00
516.75
517.00
518.50
519.00
518.25
519.00
518.50
517.50
518.25
517.75
518.75
519.50
520.25
518.75
518.75
518.75
520.00
519.00
519.00
518.75
520.25
517.75
520.75
517.25
519.25
518.00
519.00
519.75
518.75
518.75
519.50
519.50
519.25
518.50
518.75
518.25
519.00
519.75
518.75
517.50
519.50
519.00
519.25
518.50
519.75
518.25
518.00
519.75
519.50
518.75
518.50
519.00
517.75
518.75
518.25
519.75
519.25
519.25
519.00
518.50
517.50
519.25
518.75
518.00
518.50
517.75
518.75
519.25
518.50
518.75
519.75
519.00
519.25
518.25
517.50
517.25
517.75
519.50
518.75
518.50
519.75
520.00
517.50
518.00
519.50
519.00
519.25
518.75
519.00
519.25
518.50
518.50
518.75
519.25
519.50
519.25
518.00
518.75
519.00
519.75
519.00
520.25
518.00
518.75
518.25
518.50
517.75
518.75
519.75
518.75
519.00
520.00
519.50
518.50
519.00
519.75
519.75
519.25
518.75
518.00
519.25
518.75
519.75
519.00
519.25
519.25
518.25
518.75
519.00
519.75
518.50
520.00
519.00
519.75
519.50
519.25
519.50
518.75
519.75
519.75
519.75
518.50
519.50
517.75
520.00
518.00
518.75
518.75
519.75
519.25
519.75
519.25
519.25
519.00
517.50
518.75
518.25
519.25
519.00
518.25
519.50
518.75
518.50
516.75
518.50
517.50
519.25
519.75
521.00
518.50
518.75
519.00
518.00
518.50
519.25
518.50
517.50
519.75
518.50
518.50
519.75
518.75
518.25
519.75
519.50
518.00
519.50
518.50
518.25
519.50
519.25
520.00
519.50
520.00
519.25
519.00
517.25
519.00
518.75
518.25
520.00
520.25
519.75
518.75
518.75
518.75
518.25
519.50
519.75
519.25
518.50
518.75
518.50
518.25
519.75
519.50
519.50
518.00
519.25
519.00
519.50
519.50
518.00
518.25
519.25
521.00
519.75
519.50
519.25
519.50
517.75
518.00
518.25
519.50
517.25
519.00
519.50
519.00
518.75
517.25
519.25
519.00
519.75
517.75
520.50
517.25
518.00
518.75
520.00
518.00
519.00
518.00
520.25
519.00
519.50
520.00
519.25
518.50
519.25
519.25
519.00
518.75
519.00
518.00
520.25
519.25
517.25
519.00
519.75
518.00
519.00
518.75
518.75
519.00
517.75
519.00
518.50
518.50
518.75
519.50
520.25
519.50
518.25
518.75
518.50
519.50
519.75
518.75
517.75
518.25
518.75
518.25
518.50
520.00
519.25
519.25
519.25
516.50
517.75
519.50
519.25
518.50
518.50
519.75
518.50
519.50
517.50
520.25
518.00
518.75
520.25
520.00
519.75
518.25
519.75
518.25
519.50
518.00
518.25
518.00
519.00
517.75
518.75
518.00
520.25
519.25
519.00
520.00
518.50
518.50
519.75
520.25
519.25
517.00
518.75
518.00
520.50
518.75
520.25
516.25
520.25
518.50
519.00
519.00
518.75
518.50
517.50
518.25
518.25
517.50
516.75
518.75
517.50
518.25
519.75
519.50
518.75
520.25
519.00
518.25
518.25
518.00
519.25
518.75
519.50
520.00
519.50
519.00
519.00
518.00
519.00
519.75
519.00
519.50
519.50
519.25
519.25
518.75
519.00
519.00
519.50
518.50
519.25
519.25
518.50
519.00
519.00
519.25
518.50
518.50
519.50
518.75
518.50
518.50
518.25
518.75
517.25
520.25
520.25
519.00
519.50
519.00
517.50
518.25
519.25
517.50
519.25
518.75
519.50
519.00
519.75
520.00
519.50
519.00
518.75
519.50
519.00
518.50
518.25
518.00
518.25
518.00
518.50
517.50
519.50
518.00
520.75
520.25
518.75
519.50
519.25
519.00
516.25
519.00
519.00
519.75
520.75
519.50
518.25
519.75
518.00
518.75
517.25
520.00
520.00
518.75
518.50
519.75
519.00
518.75
519.00
517.50
518.00
517.75
518.75
518.25
517.75
518.50
518.50
520.50
518.75
519.50
518.50
519.00
519.50
519.25
520.00
520.00
518.75
518.50
519.75
519.00
520.75
519.50
519.25
519.00
518.50
519.00
518.00
517.75
517.50
517.25
517.25
517.50
519.00
518.75
517.75
519.00
519.50
520.25
517.75
516.75
518.25
522.25
520.00
519.50
520.25
519.50
519.25
517.25
519.75
518.00
518.25
518.75
520.50
518.00
519.25
518.00
518.25
518.00
519.50
519.25
519.75
519.50
518.25
519.75
517.75
518.75
518.50
520.00
519.00
518.75
518.75
519.00
518.75
518.00
519.25
518.50
519.50
518.25
521.00
518.25
519.00
518.50
518.50
519.50
518.00
520.00
519.25
519.50
518.00
519.00
519.00
519.50
517.75
518.00
518.50
519.25
519.50
519.25
520.50
520.00
520.75
518.75
519.75
520.25
519.75
520.50
519.25
519.50
518.50
517.75
519.50
519.25
519.00
519.00
520.50
519.00
519.00
520.50
519.75
519.50
519.75
519.75
520.25
520.50
519.00
520.00
519.50
520.75
519.50
519.25
519.50
517.50
519.75
519.25
518.00
518.50
519.50
519.25
520.00
519.50
518.75
519.50
519.50
519.25
519.00
519.00
519.00
520.00
520.25
519.25
518.50
518.25
520.25
518.00
519.00
517.50
519.75
518.75
520.00
518.75
519.50
519.50
519.00
519.25
518.75
519.75
519.00
519.75
519.50
519.00
519.25
518.75
517.50
518.75
520.25
519.50
520.25
518.75
519.25
518.50
519.00
518.25
518.75
518.75
518.75
519.50
520.00
520.00
519.50
520.00
519.00
519.50
519.25
519.25
518.25
519.00
519.75
519.00
519.25
519.00
519.25
518.50
519.00
517.75
519.00
519.50
518.50
520.25
519.50
520.00
519.50
520.00
519.25
519.25
518.75
519.50
520.75
519.50
519.25
519.00
518.75
519.75
519.00
519.00
520.25
518.75
519.50
519.00
519.50
519.00
519.25
520.25
520.00
519.00
519.00
518.25
518.25
519.25
520.00
518.50
518.75
519.50
519.00
519.75
518.00
519.50
519.00
519.50
518.50
519.00
520.00
519.50
519.25
518.25
520.00
518.75
519.00
518.25
518.50
519.25
518.75
518.75
519.75
519.50
519.50
519.75
519.50
520.00
519.00
519.25
518.50
518.75
519.00
518.50
520.25
517.25
519.25
519.25
519.25
520.50
519.25
518.75
