512.00
513.00
513.00
513.75
513.00
513.25
513.50
514.00
513.25
514.00
514.00
513.75
513.00
514.00
513.00
513.75
513.00
513.00
514.00
512.25
514.00
513.00
514.00
512.25
513.00
513.00
513.00
513.00
513.00
514.00
513.00
513.50
513.00
513.75
512.50
512.75
514.50
513.00
513.25
513.25
514.25
513.75
513.25
513.25
513.75
513.25
514.00
513.00
514.00
513.00
513.00
514.00
514.00
514.00
514.00
513.25
513.25
512.50
513.00
513.00
513.00
513.50
513.75
513.75
511.50
512.00
513.75
513.25
515.25
513.75
513.75
512.25
512.25
512.50
513.00
513.50
513.00
512.50
513.00
513.00
513.00
513.75
510.75
510.50
510.75
511.25
513.25
512.50
511.75
512.25
512.50
512.50
513.25
512.75
513.00
513.00
514.50
512.75
512.75
512.75
514.25
513.75
513.50
513.75
513.75
512.00
513.50
511.00
514.25
512.50
513.50
513.50
513.00
513.25
513.00
513.50
513.00
514.00
513.00
512.25
512.75
513.50
513.00
513.50
514.00
512.25
513.50
513.75
514.00
513.25
512.00
514.25
515.25
513.25
512.50
513.25
512.50
512.75
512.75
514.25
513.00
514.00
513.25
512.75
513.50
512.50
512.75
512.25
513.00
512.50
513.25
514.00
513.50
513.25
513.25
513.00
513.50
512.50
520.25
509.75
512.00
511.75
511.50
514.75
512.75
513.00
511.25
508.50
514.25
513.50
513.25
512.25
512.25
513.00
513.50
513.25
512.75
513.25
513.75
513.75
512.50
513.25
511.50
513.50
512.75
513.75
512.00
513.50
512.75
512.50
512.75
514.25
513.75
512.25
512.75
514.00
513.00
513.25
513.00
513.25
513.75
513.50
512.75
512.25
513.25
513.25
513.75
513.00
513.75
513.50
513.00
513.25
512.50
513.75
513.00
513.75
514.25
513.75
513.00
513.25
514.00
513.75
513.75
512.75
514.00
513.75
513.50
512.25
513.50
512.00
513.25
513.75
513.50
513.25
513.75
513.75
513.50
513.25
512.25
513.00
512.75
513.00
512.50
513.00
513.75
512.25
512.75
513.00
513.25
513.00
513.75
513.25
514.50
512.00
513.25
512.75
513.00
513.00
514.25
513.50
511.75
514.00
512.25
512.75
513.50
513.75
513.00
514.00
513.25
512.25
513.25
513.25
513.50
513.50
512.50
513.00
513.25
513.50
513.00
513.75
512.00
513.00
513.50
512.75
513.75
514.75
514.00
513.25
512.75
513.50
513.25
514.25
514.50
513.75
513.75
513.75
513.25
512.75
513.50
512.50
513.50
513.00
512.25
513.00
512.50
513.75
513.25
513.25
512.75
514.25
514.75
514.25
512.25
513.25
513.00
513.25
512.50
513.25
512.25
513.75
512.50
513.75
513.75
512.75
512.25
512.25
513.25
513.00
514.25
512.00
512.75
513.50
514.00
512.75
513.75
511.50
513.50
513.75
514.00
514.25
513.25
513.50
513.75
513.25
513.25
514.00
513.50
513.25
514.50
512.50
513.00
513.00
513.50
513.00
513.00
512.75
513.50
513.00
511.50
512.50
513.25
513.25
513.50
513.75
513.75
513.50
512.50
513.00
513.00
514.25
513.50
513.25
512.75
512.75
513.25
513.00
512.75
513.25
513.50
513.00
513.25
511.50
512.00
515.00
513.00
513.25
513.25
515.00
513.25
514.00
513.50
514.25
514.00
514.00
514.00
514.25
513.00
513.00
514.00
512.75
513.25
512.50
512.50
512.75
512.75
512.50
513.25
513.00
513.50
513.00
514.00
513.50
513.25
512.75
514.00
514.25
513.75
511.50
513.00
512.75
515.00
513.50
514.00
510.75
514.00
513.00
512.75
512.25
512.75
512.25
511.75
512.00
512.00
511.75
511.25
513.00
513.25
512.75
514.00
513.50
513.25
514.00
513.50
513.00
512.75
513.25
512.75
512.75
513.75
513.75
513.75
513.50
513.50
513.00
513.25
513.75
513.75
513.25
513.25
513.75
514.25
513.75
512.75
512.75
513.50
513.25
513.00
514.00
513.25
513.50
513.25
514.00
513.00
513.50
514.50
513.25
513.00
513.00
513.00
513.25
511.75
514.50
513.75
513.25
513.25
512.75
512.25
512.50
513.50
512.00
513.50
513.50
514.00
513.25
513.25
514.25
514.00
513.25
513.25
514.00
513.50
513.25
512.50
513.00
512.75
512.25
513.00
512.25
513.25
513.25
514.50
514.50
513.00
513.50
514.00
512.75
512.50
514.50
514.00
513.25
514.25
513.25
513.00
514.50
513.00
513.00
512.00
513.75
514.50
513.75
513.25
514.25
514.00
513.00
513.25
513.00
513.00
513.25
512.50
513.00
512.25
513.75
513.00
513.00
512.50
513.50
512.50
512.75
513.75
513.25
513.25
514.00
513.50
513.25
513.75
513.25
514.00
514.00
513.75
513.50
513.75
512.50
512.50
511.75
512.25
511.00
511.00
513.75
514.00
514.50
511.25
513.75
514.00
513.50
512.00
512.25
514.25
514.50
513.25
514.00
515.00
512.75
513.75
513.25
514.00
513.25
512.50
513.00
513.75
512.75
513.50
513.00
512.75
512.00
513.00
513.00
513.25
514.50
512.75
513.25
512.25
513.25
512.75
513.25
513.00
513.75
512.75
514.00
513.75
513.00
513.50
513.50
513.75
513.00
514.00
513.50
513.75
512.75
513.00
514.00
512.75
513.75
513.00
514.50
513.00
514.50
513.75
513.75
513.50
513.50
513.25
513.75
513.75
513.25
514.75
513.75
514.00
513.25
512.25
514.00
512.50
514.00
513.50
513.25
512.75
512.25
513.75
513.25
512.75
513.50
514.25
513.25
513.75
514.25
514.00
514.25
513.75
513.75
514.00
514.50
514.25
514.50
513.00
513.00
514.00
513.50
514.00
512.50
513.50
514.00
513.50
512.25
513.75
513.75
514.00
514.00
513.00
513.50
513.25
513.50
513.25
513.75
513.25
513.50
513.75
513.25
513.00
513.25
513.75
513.25
513.75
513.50
513.75
513.75
513.75
512.75
514.00
514.00
514.00
513.25
513.50
514.00
513.50
513.75
513.50
514.00
513.75
513.25
513.00
513.50
513.25
513.25
514.25
514.00
513.75
512.00
513.25
512.50
513.00
513.25
513.00
513.00
514.00
513.75
513.50
513.75
513.50
513.50
513.75
513.50
512.75
512.75
512.75
513.50
513.00
513.50
513.50
512.75
513.00
512.00
513.75
514.00
513.00
513.75
513.25
513.75
514.00
514.50
513.75
514.00
513.75
514.00
514.25
513.50
515.00
514.00
512.75
513.50
513.25
513.25
513.50
513.50
514.25
513.00
514.00
513.00
514.00
514.00
514.25
513.75
513.50
513.25
513.50
513.00
514.25
513.50
514.00
514.25
513.25
514.00
512.50
514.25
514.25
513.25
513.25
513.75
513.75
513.25
513.75
513.00
514.00
513.25
513.50
512.75
513.75
513.25
513.25
513.25
512.75
514.00
513.25
513.75
514.25
514.50
514.00
514.00
513.25
513.50
513.50
513.25
514.25
513.25
514.00
513.75
513.75
514.00
514.00
513.25
513.25
